20 20
25 25 18 18 28 28 40 40 35 35 15 15 30 30 20 20 22 22 12 12
20 20 30 30 35 35 22 22 28 28 25 25 15 15 12 12 18 18 40 40
35 35 20 20 12 12 18 18 22 22 30 30 28 28 40 40 25 25 15 15
18 18 35 35 28 28 25 25 20 20 12 12 22 22 15 15 40 40 30 30
22 22 15 15 18 18 30 30 25 25 20 20 40 40 12 12 28 28 35 35
40 40 25 25 20 20 15 15 30 30 35 35 18 18 28 28 12 12 22 22
12 12 22 22 28 28 40 40 15 15 18 18 25 25 20 20 30 30 35 35
30 30 28 28 22 22 25 25 35 35 40 40 12 12 18 18 15 15 20 20
28 28 40 40 15 15 30 30 12 12 22 22 20 20 25 25 35 35 18 18
15 15 12 12 40 40 22 22 18 18 28 28 35 35 30 30 20 20 25 25
25 25 18 18 28 28 40 40 35 35 15 15 30 30 20 20 22 22 12 12
20 20 30 30 35 35 22 22 28 28 25 25 15 15 12 12 18 18 40 40
35 35 20 20 12 12 18 18 22 22 30 30 28 28 40 40 25 25 15 15
18 18 35 35 28 28 25 25 20 20 12 12 22 22 15 15 40 40 30 30
22 22 15 15 18 18 30 30 25 25 20 20 40 40 12 12 28 28 35 35
40 40 25 25 20 20 15 15 30 30 35 35 18 18 28 28 12 12 22 22
12 12 22 22 28 28 40 40 15 15 18 18 25 25 20 20 30 30 35 35
30 30 28 28 22 22 25 25 35 35 40 40 12 12 18 18 15 15 20 20
28 28 40 40 15 15 30 30 12 12 22 22 20 20 25 25 35 35 18 18
15 15 12 12 40 40 22 22 18 18 28 28 35 35 30 30 20 20 25 25
100 120 150 80 110 130 90 140 100 115 105 125 145 85 115 135 95 140 110 120
95 95 78 78 82 82 90 90 85 85 85 85 88 88 80 80 92 92 72 72
60 60 55 55 52 52 50 50 48 48 45 45 42 42 40 40 35 35 30 30
0.5
