20 20
15 22 18 30 25 12 40 35 28 20 15 22 18 30 25 12 40 35 28 20
25 18 30 15 20 40 22 28 35 12 25 18 30 15 20 40 22 28 35 12
30 25 20 28 35 15 18 22 12 40 30 25 20 28 35 15 18 22 12 40
12 40 35 22 18 30 25 20 28 15 12 40 35 22 18 30 25 20 28 15
20 28 15 40 22 35 30 25 18 12 20 28 15 40 22 35 30 25 18 12
35 12 25 18 40 22 15 30 20 28 35 12 25 18 40 22 15 30 20 28
18 30 22 25 12 35 40 15 28 20 18 30 22 25 12 35 40 15 28 20
40 15 28 12 30 20 25 35 22 18 40 15 28 12 30 20 25 35 22 18
22 35 40 20 28 18 30 12 15 25 22 35 40 20 28 18 30 12 15 25
28 20 12 35 15 25 22 18 40 30 28 20 12 35 15 25 22 18 40 30
15 22 18 30 25 12 40 35 28 20 15 22 18 30 25 12 40 35 28 20
25 18 30 15 20 40 22 28 35 12 25 18 30 15 20 40 22 28 35 12
30 25 20 28 35 15 18 22 12 40 30 25 20 28 35 15 18 22 12 40
12 40 35 22 18 30 25 20 28 15 12 40 35 22 18 30 25 20 28 15
20 28 15 40 22 35 30 25 18 12 20 28 15 40 22 35 30 25 18 12
35 12 25 18 40 22 15 30 20 28 35 12 25 18 40 22 15 30 20 28
18 30 22 25 12 35 40 15 28 20 18 30 22 25 12 35 40 15 28 20
40 15 28 12 30 20 25 35 22 18 40 15 28 12 30 20 25 35 22 18
22 35 40 20 28 18 30 12 15 25 22 35 40 20 28 18 30 12 15 25
28 20 12 35 15 25 22 18 40 30 28 20 12 35 15 25 22 18 40 30
100 120 150 80 110 130 90 140 100 115 105 125 145 85 115 135 95 140 110 120
85 92 78 88 95 72 90 85 82 80 85 92 78 88 95 72 90 85 82 80
45 35 55 42 60 30 50 48 52 40 45 35 55 42 60 30 50 48 52 40
0.5
